1.662492203712463379e+01
1.218194603919982910e+01
1.170285606384277344e+01
1.147323298454284668e+01
1.127353382110595703e+01
1.263248300552368164e+01
1.139136505126953125e+01
1.149913001060485840e+01
1.169556283950805664e+01
1.000768494606018066e+01
1.001519799232482910e+01
1.031024098396301270e+01
9.913758039474487305e+00
9.824616193771362305e+00
9.337770938873291016e+00
9.485652923583984375e+00
9.576380968093872070e+00
1.019931292533874512e+01
1.252051901817321777e+01
1.235453987121582031e+01
1.320821499824523926e+01
1.296384215354919434e+01
1.413471102714538574e+01
1.197691798210144043e+01
8.678460121154785156e+00
8.726421833038330078e+00
8.226449012756347656e+00
8.036889076232910156e+00
8.830034017562866211e+00
8.574738025665283203e+00
8.187454938888549805e+00
9.989236116409301758e+00
8.613175153732299805e+00
8.286671161651611328e+00
7.064321041107177734e+00
7.276432037353515625e+00
7.391428947448730469e+00
7.983642101287841797e+00
7.543242931365966797e+00
8.003839969635009766e+00
7.599771976470947266e+00
8.207213163375854492e+00
8.604022979736328125e+00
8.595788955688476562e+00
8.819489002227783203e+00
8.775119066238403320e+00
8.169938087463378906e+00
8.144110918045043945e+00
8.154119968414306641e+00
7.551778793334960938e+00
7.676465034484863281e+00
8.875460863113403320e+00
9.089553117752075195e+00
8.880116939544677734e+00
8.849729061126708984e+00
8.427312135696411133e+00
8.458894968032836914e+00
7.786164999008178711e+00
8.638691902160644531e+00
8.651743888854980469e+00
8.684230804443359375e+00
8.393522977828979492e+00
7.830814123153686523e+00
7.817420005798339844e+00
7.867381095886230469e+00
7.251523971557617188e+00
7.237666845321655273e+00
7.225063085556030273e+00
6.630017042160034180e+00
6.640124082565307617e+00
6.640154838562011719e+00
6.652321100234985352e+00
7.966785192489624023e+00
7.954542875289916992e+00
7.944591999053955078e+00
1.244875288009643555e+01
1.149939489364624023e+01
1.098260903358459473e+01
9.503314971923828125e+00
1.219076299667358398e+01
1.157502079010009766e+01
1.379354405403137207e+01
1.001311492919921875e+01
1.129514694213867188e+01
1.035609793663024902e+01
1.038636589050292969e+01
1.067748999595642090e+01
9.175908088684082031e+00
9.634552955627441406e+00
1.072019195556640625e+01
1.145611810684204102e+01
1.194432711601257324e+01
1.258222603797912598e+01
1.221292996406555176e+01
1.169999003410339355e+01
1.244810700416564941e+01
1.265129804611206055e+01
1.299819302558898926e+01
1.324036002159118652e+01
1.318991899490356445e+01
1.388849997520446777e+01
1.356922698020935059e+01
1.262388515472412109e+01
1.167309713363647461e+01
1.251911783218383789e+01
1.095504784584045410e+01
1.146864795684814453e+01
1.429507112503051758e+01
1.468984889984130859e+01
1.310467982292175293e+01
1.365268683433532715e+01
1.228085207939147949e+01
1.335723090171813965e+01
1.183374691009521484e+01
1.150394105911254883e+01
1.149893283843994141e+01
1.100836706161499023e+01
1.052904796600341797e+01
1.076939082145690918e+01
1.177141523361206055e+01
1.190866613388061523e+01
1.255700397491455078e+01
1.273407506942749023e+01
1.166832995414733887e+01
1.213074707984924316e+01
1.221216392517089844e+01
1.171667981147766113e+01
1.267051100730895996e+01
1.292049217224121094e+01
1.284100103378295898e+01
1.460871887207031250e+01
1.423635792732238770e+01
1.525158786773681641e+01
1.308563709259033203e+01
1.196292209625244141e+01
1.189902710914611816e+01
1.260269999504089355e+01
1.174008488655090332e+01
1.248015308380126953e+01
1.051857900619506836e+01
1.098388195037841797e+01
1.098533701896667480e+01
1.016757798194885254e+01
9.567387104034423828e+00
1.045451903343200684e+01
9.956531047821044922e+00
1.047998905181884766e+01
9.372375011444091797e+00
1.099089884757995605e+01
1.075102496147155762e+01
1.125130295753479004e+01
1.071566104888916016e+01
9.828243970870971680e+00
8.484343051910400391e+00
1.007140207290649414e+01
1.007600903511047363e+01
9.827698945999145508e+00
9.452718019485473633e+00
1.025513219833374023e+01
1.007846403121948242e+01
1.040212607383728027e+01
1.079240107536315918e+01
1.023345398902893066e+01
1.084921479225158691e+01
1.061086010932922363e+01
1.132102513313293457e+01
1.095874714851379395e+01
1.007895183563232422e+01
1.065062713623046875e+01
9.961117029190063477e+00
1.051201200485229492e+01
1.160117888450622559e+01
1.031925487518310547e+01
1.002539396286010742e+01
1.027304005622863770e+01
9.945240974426269531e+00
9.911453962326049805e+00
1.031203985214233398e+01
1.146527886390686035e+01
9.995598077774047852e+00
1.001168489456176758e+01
9.869382858276367188e+00
9.839252948760986328e+00
1.063945603370666504e+01
1.262226915359497070e+01
1.093591213226318359e+01
1.013996195793151855e+01
1.045087885856628418e+01
1.058437299728393555e+01
1.088234019279479980e+01
1.093681001663208008e+01
1.131328892707824707e+01
1.157156491279602051e+01
1.056549000740051270e+01
1.059216094017028809e+01
9.153678178787231445e+00
1.014849901199340820e+01
1.001930499076843262e+01
1.013266587257385254e+01
1.001766896247863770e+01
