1.512610912322998047e-01
1.514558792114257812e-01
6.651091575622558594e-02
6.871581077575683594e-02
7.106900215148925781e-02
1.660778522491455078e-01
5.802702903747558594e-02
7.732105255126953125e-02
1.532230377197265625e-01
1.987099647521972656e-01
8.161020278930664062e-02
8.740806579589843750e-02
8.946204185485839844e-02
8.984208106994628906e-02
8.963394165039062500e-02
9.708499908447265625e-02
9.156918525695800781e-02
1.903629302978515625e-01
2.150199413299560547e-01
9.247088432312011719e-02
1.087801456451416016e-01
1.049730777740478516e-01
8.097290992736816406e-02
1.052188873291015625e-01
6.215906143188476562e-02
9.589505195617675781e-02
1.178410053253173828e-01
1.203298568725585938e-01
1.364648342132568359e-01
1.500921249389648438e-01
1.680350303649902344e-01
9.812307357788085938e-02
9.942007064819335938e-02
8.613085746765136719e-02
1.376857757568359375e-01
8.658289909362792969e-02
1.142818927764892578e-01
1.210479736328125000e-01
9.696984291076660156e-02
1.242079734802246094e-01
2.700810432434082031e-01
2.002530097961425781e-01
1.427009105682373047e-01
1.434400081634521484e-01
1.477589607238769531e-01
1.244781017303466797e-01
1.505029201507568359e-01
1.460418701171875000e-01
1.260130405426025391e-01
1.197898387908935547e-01
1.946718692779541016e-01
1.927430629730224609e-01
2.148489952087402344e-01
1.615550518035888672e-01
1.594002246856689453e-01
1.544098854064941406e-01
9.984993934631347656e-02
1.320068836212158203e-01
1.342368125915527344e-01
1.385991573333740234e-01
1.172850131988525391e-01
1.283891201019287109e-01
1.318480968475341797e-01
1.005558967590332031e-01
9.766793251037597656e-02
1.249799728393554688e-01
1.440839767456054688e-01
1.147580146789550781e-01
1.242868900299072266e-01
1.078689098358154297e-01
1.099309921264648438e-01
1.179108619689941406e-01
1.288499832153320312e-01
2.519881725311279297e-01
1.709859371185302734e-01
2.468910217285156250e-01
3.942630290985107422e-01
2.307980060577392578e-01
4.787878990173339844e-01
2.435278892517089844e-01
1.281359195709228516e-01
3.653621673583984375e-01
3.320949077606201172e-01
3.037271499633789062e-01
1.699819564819335938e-01
3.518071174621582031e-01
1.573059558868408203e-01
1.625521183013916016e-01
2.107799053192138672e-01
1.351661682128906250e-01
1.664979457855224609e-01
2.751028537750244141e-01
2.746608257293701172e-01
1.663980484008789062e-01
1.558330059051513672e-01
4.318728446960449219e-01
1.503119468688964844e-01
2.442908287048339844e-01
1.961970329284667969e-01
2.031450271606445312e-01
2.351210117340087891e-01
1.933679580688476562e-01
2.368159294128417969e-01
2.865719795227050781e-01
1.947808265686035156e-01
3.772969245910644531e-01
2.637929916381835938e-01
4.449369907379150391e-01
4.347300529479980469e-01
4.436430931091308594e-01
2.588651180267333984e-01
2.380669116973876953e-01
2.471799850463867188e-01
1.711788177490234375e-01
1.206200122833251953e-01
2.614300251007080078e-01
1.891431808471679688e-01
1.518020629882812500e-01
1.927318572998046875e-01
1.542999744415283203e-01
1.651599407196044922e-01
1.620850563049316406e-01
1.667499542236328125e-01
2.070698738098144531e-01
1.263649463653564453e-01
1.371500492095947266e-01
1.398270130157470703e-01
1.170420646667480469e-01
1.089057922363281250e-01
6.441903114318847656e-02
6.618285179138183594e-02
1.732959747314453125e-01
8.620691299438476562e-02
1.232559680938720703e-01
1.873829364776611328e-01
1.252651214599609375e-01
1.129219532012939453e-01
9.836697578430175781e-02
7.436108589172363281e-02
6.740593910217285156e-02
6.531190872192382812e-02
2.269239425659179688e-01
1.270399093627929688e-01
1.394090652465820312e-01
1.555118560791015625e-01
1.039750576019287109e-01
9.476709365844726562e-02
1.456232070922851562e-01
6.311202049255371094e-02
7.529902458190917969e-02
8.526110649108886719e-02
1.130459308624267578e-01
9.428095817565917969e-02
8.693099021911621094e-02
7.260084152221679688e-02
2.163960933685302734e-01
1.462941169738769531e-01
1.005859375000000000e-01
2.026579380035400391e-01
2.425160408020019531e-01
2.257421016693115234e-01
1.987380981445312500e-01
1.876080036163330078e-01
7.555794715881347656e-02
1.389157772064208984e-01
5.877208709716796875e-02
3.280589580535888672e-01
5.819106101989746094e-02
9.520006179809570312e-02
5.608701705932617188e-02
1.602220535278320312e-01
6.624078750610351562e-02
6.702494621276855469e-02
8.591699600219726562e-02
7.280111312866210938e-02
6.126689910888671875e-02
5.541300773620605469e-02
1.567649841308593750e-01
5.361294746398925781e-02
5.871701240539550781e-02
1.289019584655761719e-01
1.137180328369140625e-01
7.385516166687011719e-02
7.356786727905273438e-02
1.713440418243408203e-01
6.608009338378906250e-02
5.759596824645996094e-02
6.134200096130371094e-02
7.524490356445312500e-02
1.464340686798095703e-01
1.308550834655761719e-01
6.760096549987792969e-02
7.384300231933593750e-02
7.044601440429687500e-02
7.361483573913574219e-02
1.547040939331054688e-01
6.419301033020019531e-02
6.130385398864746094e-02
5.930495262145996094e-02
6.397700309753417969e-02
2.246079444885253906e-01
2.100419998168945312e-01
2.238340377807617188e-01
2.341871261596679688e-01
2.151141166687011719e-01
2.249939441680908203e-01
1.889531612396240234e-01
1.907808780670166016e-01
2.155239582061767578e-01
2.734391689300537109e-01
3.481719493865966797e-01
1.826648712158203125e-01
1.980659961700439453e-01
1.596238613128662109e-01
1.022670269012451172e-01
1.994659900665283203e-01
1.887650489807128906e-01
1.717569828033447266e-01
1.464598178863525391e-01
2.322409152984619141e-01
2.476909160614013672e-01
2.621040344238281250e-01
2.323081493377685547e-01
2.321090698242187500e-01
4.648668766021728516e-01
2.875440120697021484e-01
2.502439022064208984e-01
2.481780052185058594e-01
2.385909557342529297e-01
4.556019306182861328e-01
3.552219867706298828e-01
2.177751064300537109e-01
2.755739688873291016e-01
1.981568336486816406e-01
1.263229846954345703e-01
2.136991024017333984e-01
1.802589893341064453e-01
3.147258758544921875e-01
2.047340869903564453e-01
1.983828544616699219e-01
1.553318500518798828e-01
1.624259948730468750e-01
1.520020961761474609e-01
1.492128372192382812e-01
1.515450477600097656e-01
2.074329853057861328e-01
1.834471225738525391e-01
2.101700305938720703e-01
2.028739452362060547e-01
2.011590003967285156e-01
1.683919429779052734e-01
1.753518581390380859e-01
1.766300201416015625e-01
2.480769157409667969e-01
1.630220413208007812e-01
1.448328495025634766e-01
1.409890651702880859e-01
1.464169025421142578e-01
8.312201499938964844e-02
1.672718524932861328e-01
3.726019859313964844e-01
1.896419525146484375e-01
9.403774976730346680e+00
2.835130691528320312e-01
9.414546012878417969e+00
9.402758836746215820e+00
2.420001029968261719e-01
2.524120807647705078e-01
2.379820346832275391e-01
2.204909324645996094e-01
7.095479965209960938e-02
6.671190261840820312e-02
1.341459751129150391e-01
9.835290908813476562e-02
2.201220989227294922e-01
1.774249076843261719e-01
6.554794311523437500e-02
3.071939945220947266e-01
2.862539291381835938e-01
8.529496192932128906e-02
2.038857936859130859e-01
7.255506515502929688e-02
1.910369396209716797e-01
5.681395530700683594e-02
7.972884178161621094e-02
2.107219696044921875e-01
1.511840820312500000e-01
1.994900703430175781e-01
2.092428207397460938e-01
2.442371845245361328e-01
2.597110271453857422e-01
2.816028594970703125e-01
2.368600368499755859e-01
2.286419868469238281e-01
2.005209922790527344e-01
1.879479885101318359e-01
1.630461215972900391e-01
1.548099517822265625e-01
1.777591705322265625e-01
1.136910915374755859e-01
1.671879291534423828e-01
1.308481693267822266e-01
2.077009677886962891e-01
1.837689876556396484e-01
1.433389186859130859e-01
1.921179294586181641e-01
2.464420795440673828e-01
9.776806831359863281e-02
3.300340175628662109e-01
2.272031307220458984e-01
2.714409828186035156e-01
3.493480682373046875e-01
2.051780223846435547e-01
1.608250141143798828e-01
1.544179916381835938e-01
1.841289997100830078e-01
1.497840881347656250e-01
1.518599987030029297e-01
1.312229633331298828e-01
1.434009075164794922e-01
1.411561965942382812e-01
1.965789794921875000e-01
1.789078712463378906e-01
1.753628253936767578e-01
1.925928592681884766e-01
1.916980743408203125e-01
2.352609634399414062e-01
2.313950061798095703e-01
2.172291278839111328e-01
2.805819511413574219e-01
2.809970378875732422e-01
1.855649948120117188e-01
1.717109680175781250e-01
1.501910686492919922e-01
1.726250648498535156e-01
1.569178104400634766e-01
2.819390296936035156e-01
2.244749069213867188e-01
1.609799861907958984e-01
1.697950363159179688e-01
2.648229598999023438e-01
1.633961200714111328e-01
6.986808776855468750e-02
8.207607269287109375e-02
7.793498039245605469e-02
1.290118694305419922e-01
2.357981204986572266e-01
1.360850334167480469e-01
1.516571044921875000e-01
1.450300216674804688e-01
9.013581275939941406e-02
7.244396209716796875e-02
1.947078704833984375e-01
2.164800167083740234e-01
2.559969425201416016e-01
2.920160293579101562e-01
2.599020004272460938e-01
2.259030342102050781e-01
3.264849185943603516e-01
2.112760543823242188e-01
2.215039730072021484e-01
1.984820365905761719e-01
1.874809265136718750e-01
2.170438766479492188e-01
1.440210342407226562e-01
1.944200992584228516e-01
2.093708515167236328e-01
1.995730400085449219e-01
1.411290168762207031e-01
2.202930450439453125e-01
2.037880420684814453e-01
2.360570430755615234e-01
1.574320793151855469e-01
1.247529983520507812e-01
1.201179027557373047e-01
1.571531295776367188e-01
1.421041488647460938e-01
1.090741157531738281e-01
1.849529743194580078e-01
1.945488452911376953e-01
1.968200206756591797e-01
2.026379108428955078e-01
1.541180610656738281e-01
1.490449905395507812e-01
2.016658782958984375e-01
1.794559955596923828e-01
1.595871448516845703e-01
1.744699478149414062e-01
2.524578571319580078e-01
1.788060665130615234e-01
1.680319309234619141e-01
1.399857997894287109e-01
1.688079833984375000e-01
1.565790176391601562e-01
1.700239181518554688e-01
4.362788200378417969e-01
2.472939491271972656e-01
2.228000164031982422e-01
2.127430438995361328e-01
2.202911376953125000e-01
2.328319549560546875e-01
1.705222129821777344e-01
1.409959793090820312e-01
5.249249935150146484e-01
2.258810997009277344e-01
1.777579784393310547e-01
1.607840061187744141e-01
2.452530860900878906e-01
1.800811290740966797e-01
1.904108524322509766e-01
1.977870464324951172e-01
2.471430301666259766e-01
1.760761737823486328e-01
1.993589401245117188e-01
1.854500770568847656e-01
1.859190464019775391e-01
1.595821380615234375e-01
1.703088283538818359e-01
1.815619468688964844e-01
8.328890800476074219e-02
7.356500625610351562e-02
1.835711002349853516e-01
2.089071273803710938e-01
1.784291267395019531e-01
2.356090545654296875e-01
1.788620948791503906e-01
1.674590110778808594e-01
1.798877716064453125e-01
3.682210445404052734e-01
2.896759510040283203e-01
2.150859832763671875e-01
2.106008529663085938e-01
1.816990375518798828e-01
1.973500251770019531e-01
2.313818931579589844e-01
8.164691925048828125e-02
1.856920719146728516e-01
1.909739971160888672e-01
2.117068767547607422e-01
1.829569339752197266e-01
1.194469928741455078e-01
2.955310344696044922e-01
2.468721866607666016e-01
1.013150215148925781e-01
2.932519912719726562e-01
1.533410549163818359e-01
1.185250282287597656e-01
1.532161235809326172e-01
2.530381679534912109e-01
1.116290092468261719e-01
1.736240386962890625e-01
2.037229537963867188e-01
1.764829158782958984e-01
1.536118984222412109e-01
1.758480072021484375e-01
1.614689826965332031e-01
1.698129177093505859e-01
1.887891292572021484e-01
1.895079612731933594e-01
1.873970031738281250e-01
2.376608848571777344e-01
1.827468872070312500e-01
2.510221004486083984e-01
1.586539745330810547e-01
2.074079513549804688e-01
1.433179378509521484e-01
1.702539920806884766e-01
1.558330059051513672e-01
1.734869480133056641e-01
1.417400836944580078e-01
1.230850219726562500e-01
2.995271682739257812e-01
6.657409667968750000e-02
2.312638759613037109e-01
2.118439674377441406e-01
2.063660621643066406e-01
2.570679187774658203e-01
1.725490093231201172e-01
2.166481018066406250e-01
9.111094474792480469e-02
1.897401809692382812e-01
1.973910331726074219e-01
1.695261001586914062e-01
1.759238243103027344e-01
2.065980434417724609e-01
1.745688915252685547e-01
1.667730808258056641e-01
1.875839233398437500e-01
2.782590389251708984e-01
1.841151714324951172e-01
1.774182319641113281e-01
1.474199295043945312e-01
1.691219806671142578e-01
1.830348968505859375e-01
5.484104156494140625e-02
1.728467941284179688e-01
2.763929367065429688e-01
2.099399566650390625e-01
2.388439178466796875e-01
2.035768032073974609e-01
1.479699611663818359e-01
2.420930862426757812e-01
1.941418647766113281e-01
1.852798461914062500e-01
1.704938411712646484e-01
2.456910610198974609e-01
1.881079673767089844e-01
2.485699653625488281e-01
2.664232254028320312e-01
2.806432247161865234e-01
1.942408084869384766e-01
2.065868377685546875e-01
1.677329540252685547e-01
2.102429866790771484e-01
1.888639926910400391e-01
1.849730014801025391e-01
1.814999580383300781e-01
1.849229335784912109e-01
2.028801441192626953e-01
1.498959064483642578e-01
1.611640453338623047e-01
1.873660087585449219e-01
1.487388610839843750e-01
1.877639293670654297e-01
1.571869850158691406e-01
2.578868865966796875e-01
1.815299987792968750e-01
1.342768669128417969e-01
6.209301948547363281e-02
2.157990932464599609e-01
2.502858638763427734e-01
2.295019626617431641e-01
1.769750118255615234e-01
2.331099510192871094e-01
1.736168861389160156e-01
2.101070880889892578e-01
1.696979999542236328e-01
1.833240985870361328e-01
2.357809543609619141e-01
1.885960102081298828e-01
1.903791427612304688e-01
1.847591400146484375e-01
1.822819709777832031e-01
1.851708889007568359e-01
1.861691474914550781e-01
2.215151786804199219e-01
2.082538604736328125e-01
1.768860816955566406e-01
1.770257949829101562e-01
1.250779628753662109e-01
2.082920074462890625e-01
1.147320270538330078e-01
3.827478885650634766e-01
1.947169303894042969e-01
5.230820178985595703e-01
2.738568782806396484e-01
3.068480491638183594e-01
2.945511341094970703e-01
2.172651290893554688e-01
1.599009037017822266e-01
1.732962131500244141e-01
2.074990272521972656e-01
3.026170730590820312e-01
1.783130168914794922e-01
1.921308040618896484e-01
1.684319972991943359e-01
1.715698242187500000e-01
1.868011951446533203e-01
1.650779247283935547e-01
1.674671173095703125e-01
1.419839859008789062e-01
1.493752002716064453e-01
1.665878295898437500e-01
2.041568756103515625e-01
1.395878791809082031e-01
1.980280876159667969e-01
1.684479713439941406e-01
1.953749656677246094e-01
1.928958892822265625e-01
2.403428554534912109e-01
2.189700603485107422e-01
2.505707740783691406e-01
1.921749114990234375e-01
2.405810356140136719e-01
2.400550842285156250e-01
2.412149906158447266e-01
2.691099643707275391e-01
8.837509155273437500e-02
2.209060192108154297e-01
1.962981224060058594e-01
2.292518615722656250e-01
1.675338745117187500e-01
1.985261440277099609e-01
1.598989963531494141e-01
1.795241832733154297e-01
1.821630001068115234e-01
2.182528972625732422e-01
2.250690460205078125e-01
2.021408081054687500e-01
2.653918266296386719e-01
2.498328685760498047e-01
3.197410106658935547e-01
2.129859924316406250e-01
2.161281108856201172e-01
2.817649841308593750e-01
1.709098815917968750e-01
3.118638992309570312e-01
2.810058593750000000e-01
2.386789321899414062e-01
2.411150932312011719e-01
2.492759227752685547e-01
2.897090911865234375e-01
3.258569240570068359e-01
2.702028751373291016e-01
3.003790378570556641e-01
1.902718544006347656e-01
1.441619396209716797e-01
1.502180099487304688e-01
1.882939338684082031e-01
1.605789661407470703e-01
1.787650585174560547e-01
1.612060070037841797e-01
1.637120246887207031e-01
1.556460857391357422e-01
1.708929538726806641e-01
2.055540084838867188e-01
1.661717891693115234e-01
1.535830497741699219e-01
2.728719711303710938e-01
2.116100788116455078e-01
2.654559612274169922e-01
1.555359363555908203e-01
1.600708961486816406e-01
2.412421703338623047e-01
2.623350620269775391e-01
1.637129783630371094e-01
2.239408493041992188e-01
1.212618350982666016e-01
2.445080280303955078e-01
2.236628532409667969e-01
2.496750354766845703e-01
2.942240238189697266e-01
2.935101985931396484e-01
2.423288822174072266e-01
2.122080326080322266e-01
1.780230998992919922e-01
2.326791286468505859e-01
2.016339302062988281e-01
1.914970874786376953e-01
2.216300964355468750e-01
2.264130115509033203e-01
2.258780002593994141e-01
2.631428241729736328e-01
2.070779800415039062e-01
2.258560657501220703e-01
2.341980934143066406e-01
2.288849353790283203e-01
2.211980819702148438e-01
2.532660961151123047e-01
9.534597396850585938e-02
2.808570861816406250e-01
2.359700202941894531e-01
2.533090114593505859e-01
2.619450092315673828e-01
9.187602996826171875e-02
1.481881141662597656e-01
2.320168018341064453e-01
2.729358673095703125e-01
2.471108436584472656e-01
2.832210063934326172e-01
3.694880008697509766e-01
1.235630512237548828e-01
1.607668399810791016e-01
1.985590457916259766e-01
1.715378761291503906e-01
1.400618553161621094e-01
1.930861473083496094e-01
1.885838508605957031e-01
1.798019409179687500e-01
2.463150024414062500e-01
1.926620006561279297e-01
1.696200370788574219e-01
1.608548164367675781e-01
1.769220829010009766e-01
1.862521171569824219e-01
1.810219287872314453e-01
2.751650810241699219e-01
2.622759342193603516e-01
2.017340660095214844e-01
1.806740760803222656e-01
3.051519393920898438e-01
2.282199859619140625e-01
3.015470504760742188e-01
2.144069671630859375e-01
2.190649509429931641e-01
1.996808052062988281e-01
1.652750968933105469e-01
2.513380050659179688e-01
2.702710628509521484e-01
2.787749767303466797e-01
1.765279769897460938e-01
1.945378780364990234e-01
2.240900993347167969e-01
2.232470512390136719e-01
1.993391513824462891e-01
2.099509239196777344e-01
2.879819869995117188e-01
3.399391174316406250e-01
2.372519969940185547e-01
2.237570285797119141e-01
2.215909957885742188e-01
2.340919971466064453e-01
2.314481735229492188e-01
2.741129398345947266e-01
6.478214263916015625e-02
2.368538379669189453e-01
2.123460769653320312e-01
3.338160514831542969e-01
2.087140083312988281e-01
3.178260326385498047e-01
2.017118930816650391e-01
2.132368087768554688e-01
7.029914855957031250e-02
3.210289478302001953e-01
2.921459674835205078e-01
2.256839275360107422e-01
2.550399303436279297e-01
1.959140300750732422e-01
1.483750343322753906e-01
1.833758354187011719e-01
2.593269348144531250e-01
1.739590167999267578e-01
2.061769962310791016e-01
1.643869876861572266e-01
1.904170513153076172e-01
2.055830955505371094e-01
1.534900665283203125e-01
1.996769905090332031e-01
1.483240127563476562e-01
2.100520133972167969e-01
2.139410972595214844e-01
2.865099906921386719e-01
2.163698673248291016e-01
2.862639427185058594e-01
2.227787971496582031e-01
2.725598812103271484e-01
4.796090126037597656e-01
2.616949081420898438e-01
2.324349880218505859e-01
2.441470623016357422e-01
2.484550476074218750e-01
2.301161289215087891e-01
2.338449954986572266e-01
2.049419879913330078e-01
2.414281368255615234e-01
1.922068595886230469e-01
2.870430946350097656e-01
2.190289497375488281e-01
1.983070373535156250e-01
2.303822040557861328e-01
2.177708148956298828e-01
2.798509597778320312e-01
2.973980903625488281e-01
1.428411006927490234e-01
2.162208557128906250e-01
1.961619853973388672e-01
2.315781116485595703e-01
2.157938480377197266e-01
5.906820297241210938e-02
2.501370906829833984e-01
2.449719905853271484e-01
2.558019161224365234e-01
2.242801189422607422e-01
2.556450366973876953e-01
2.758488655090332031e-01
1.981689929962158203e-01
2.455611228942871094e-01
2.564651966094970703e-01
2.859330177307128906e-01
2.453060150146484375e-01
2.067489624023437500e-01
2.514610290527343750e-01
1.871230602264404297e-01
1.395909786224365234e-01
2.069339752197265625e-01
2.188251018524169922e-01
1.780498027801513672e-01
2.863299846649169922e-01
1.860871315002441406e-01
1.472930908203125000e-01
1.806390285491943359e-01
2.263259887695312500e-01
2.473440170288085938e-01
2.012479305267333984e-01
1.973960399627685547e-01
1.963820457458496094e-01
2.008650302886962891e-01
1.853280067443847656e-01
2.198059558868408203e-01
7.529997825622558594e-02
3.132910728454589844e-01
8.992004394531250000e-02
2.484519481658935547e-01
9.708213806152343750e-02
2.612879276275634766e-01
3.202979564666748047e-01
2.710027694702148438e-01
2.371270656585693359e-01
2.701709270477294922e-01
2.313680648803710938e-01
3.280959129333496094e-01
1.896510124206542969e-01
1.857750415802001953e-01
1.863400936126708984e-01
1.726040840148925781e-01
1.835470199584960938e-01
3.831949234008789062e-01
2.002530097961425781e-01
3.547849655151367188e-01
2.325110435485839844e-01
1.874611377716064453e-01
1.012411117553710938e-01
2.623779773712158203e-01
2.057850360870361328e-01
1.394538879394531250e-01
2.897691726684570312e-01
2.456619739532470703e-01
2.712049484252929688e-01
7.461595535278320312e-02
2.711958885192871094e-01
6.404018402099609375e-02
2.468640804290771484e-01
1.682708263397216797e-01
2.264759540557861328e-01
2.245249748229980469e-01
2.318041324615478516e-01
2.887520790100097656e-01
1.836779117584228516e-01
1.462349891662597656e-01
1.563441753387451172e-01
1.494889259338378906e-01
2.358119487762451172e-01
1.533830165863037109e-01
1.957972049713134766e-01
2.485048770904541016e-01
2.174868583679199219e-01
2.387561798095703125e-01
2.871670722961425781e-01
1.948981285095214844e-01
1.961109638214111328e-01
2.710580825805664062e-01
2.425780296325683594e-01
2.962770462036132812e-01
2.025849819183349609e-01
3.224971294403076172e-01
2.520499229431152344e-01
7.776498794555664062e-02
2.177200317382812500e-01
3.418469429016113281e-01
2.817468643188476562e-01
2.907168865203857422e-01
8.842587471008300781e-02
2.825350761413574219e-01
1.917841434478759766e-01
3.070590496063232422e-01
2.848079204559326172e-01
2.317669391632080078e-01
2.049410343170166016e-01
2.658541202545166016e-01
2.332441806793212891e-01
4.681720733642578125e-01
2.299458980560302734e-01
1.760210990905761719e-01
1.833798885345458984e-01
1.947920322418212891e-01
1.974761486053466797e-01
2.311079502105712891e-01
2.263109683990478516e-01
2.206258773803710938e-01
1.914451122283935547e-01
2.494049072265625000e-01
2.279150485992431641e-01
2.507178783416748047e-01
2.263681888580322266e-01
2.130692005157470703e-01
2.124121189117431641e-01
2.305970191955566406e-01
2.118468284606933594e-01
2.296569347381591797e-01
1.894600391387939453e-01
2.340629100799560547e-01
2.468309402465820312e-01
1.459159851074218750e-01
1.605639457702636719e-01
2.153551578521728516e-01
2.463369369506835938e-01
2.226450443267822266e-01
3.184049129486083984e-01
1.684300899505615234e-01
2.774209976196289062e-01
1.969308853149414062e-01
1.636540889739990234e-01
2.540791034698486328e-01
3.089578151702880859e-01
2.939560413360595703e-01
2.296509742736816406e-01
3.379499912261962891e-01
2.457001209259033203e-01
2.283370494842529297e-01
3.171479701995849609e-01
2.395629882812500000e-01
3.068969249725341797e-01
3.520748615264892578e-01
2.398769855499267578e-01
2.087149620056152344e-01
2.590451240539550781e-01
2.291409969329833984e-01
2.348451614379882812e-01
1.859390735626220703e-01
1.611049175262451172e-01
2.284910678863525391e-01
2.417259216308593750e-01
2.791249752044677734e-01
2.222361564636230469e-01
2.443308830261230469e-01
2.075390815734863281e-01
2.117190361022949219e-01
2.649021148681640625e-01
1.935880184173583984e-01
1.981899738311767578e-01
2.500610351562500000e-01
2.356297969818115234e-01
2.069938182830810547e-01
6.922888755798339844e-02
2.152440547943115234e-01
2.532620429992675781e-01
1.936430931091308594e-01
2.387239933013916016e-01
2.591650485992431641e-01
1.742980480194091797e-01
2.310059070587158203e-01
2.658221721649169922e-01
2.340760231018066406e-01
1.953439712524414062e-01
2.570230960845947266e-01
1.428420543670654297e-01
3.545060157775878906e-01
2.413930892944335938e-01
3.801379203796386719e-01
2.778930664062500000e-01
3.931789398193359375e-01
2.968270778656005859e-01
2.169101238250732422e-01
2.271080017089843750e-01
2.415721416473388672e-01
2.165298461914062500e-01
2.346110343933105469e-01
2.438859939575195312e-01
1.802170276641845703e-01
2.195239067077636719e-01
2.915878295898437500e-01
2.368919849395751953e-01
2.699630260467529297e-01
2.185108661651611328e-01
3.070631027221679688e-01
1.959860324859619141e-01
2.017099857330322266e-01
2.304260730743408203e-01
2.341899871826171875e-01
2.142682075500488281e-01
3.296000957489013672e-01
2.228751182556152344e-01
1.984579563140869141e-01
2.394537925720214844e-01
2.328119277954101562e-01
2.183220386505126953e-01
1.873819828033447266e-01
2.282860279083251953e-01
2.017788887023925781e-01
2.231678962707519531e-01
2.027289867401123047e-01
2.330040931701660156e-01
1.991500854492187500e-01
6.951498985290527344e-02
2.262809276580810547e-01
1.974930763244628906e-01
2.239990234375000000e-01
2.419109344482421875e-01
1.009380817413330078e-01
9.239506721496582031e-02
2.254440784454345703e-01
2.710239887237548828e-01
1.789500713348388672e-01
2.347979545593261719e-01
2.247970104217529297e-01
1.946301460266113281e-01
2.098069190979003906e-01
2.522940635681152344e-01
2.042040824890136719e-01
1.832158565521240234e-01
