4.209899902343750000e-01
5.111758708953857422e-01
1.096980571746826172e-01
1.033718585968017578e-01
1.107552051544189453e-01
1.399219036102294922e-01
1.201200485229492188e-01
1.259651184082031250e-01
1.357398033142089844e-01
1.168220043182373047e-01
1.165111064910888672e-01
1.122398376464843750e-01
1.140379905700683594e-01
1.166920661926269531e-01
1.115658283233642578e-01
1.219270229339599609e-01
1.094820499420166016e-01
1.246540546417236328e-01
1.778841018676757812e-01
1.276290416717529297e-01
1.247229576110839844e-01
1.332001686096191406e-01
1.262359619140625000e-01
1.382169723510742188e-01
1.318190097808837891e-01
1.161119937896728516e-01
1.369721889495849609e-01
3.775730133056640625e-01
9.740614891052246094e-02
9.041190147399902344e-02
9.640192985534667969e-02
8.008885383605957031e-02
9.102606773376464844e-02
9.370899200439453125e-02
8.182787895202636719e-02
7.672715187072753906e-02
8.074021339416503906e-02
8.751392364501953125e-02
8.452701568603515625e-02
8.850502967834472656e-02
9.827399253845214844e-02
9.600496292114257812e-02
9.669613838195800781e-02
9.840893745422363281e-02
8.765316009521484375e-02
1.009111404418945312e-01
9.710097312927246094e-02
8.983612060546875000e-02
8.995294570922851562e-02
1.001069545745849609e-01
1.007409095764160156e-01
4.822163105010986328e+00
1.144118309020996094e-01
1.086709499359130859e-01
3.574697017669677734e+00
1.276261806488037109e-01
1.233670711517333984e-01
1.077589988708496094e-01
1.135990619659423828e-01
1.141798496246337891e-01
1.051850318908691406e-01
9.911704063415527344e-02
1.089680194854736328e-01
1.012220382690429688e-01
9.941601753234863281e-02
1.012139320373535156e-01
1.021559238433837891e-01
1.040441989898681641e-01
1.065049171447753906e-01
1.067550182342529297e-01
1.155622005462646484e-01
1.072671413421630859e-01
1.193339824676513672e-01
1.190791130065917969e-01
1.341378688812255859e-01
1.195311546325683594e-01
3.680000305175781250e-01
6.743288040161132812e-02
6.411409378051757812e-02
6.726002693176269531e-02
6.521296501159667969e-02
6.601691246032714844e-02
8.584499359130859375e-02
8.280992507934570312e-02
8.747982978820800781e-02
9.050893783569335938e-02
8.369994163513183594e-02
9.197592735290527344e-02
9.162807464599609375e-02
7.935500144958496094e-02
7.975506782531738281e-02
8.182287216186523438e-02
8.688592910766601562e-02
9.071898460388183594e-02
8.630108833312988281e-02
9.321212768554687500e-02
9.143590927124023438e-02
1.129770278930664062e-01
1.082799434661865234e-01
9.061408042907714844e-02
1.002779006958007812e-01
1.005568504333496094e-01
1.004710197448730469e-01
9.380197525024414062e-02
9.179091453552246094e-02
1.045851707458496094e-01
1.063590049743652344e-01
1.086950302124023438e-01
1.105298995971679688e-01
1.055531501770019531e-01
1.113350391387939453e-01
7.696359157562255859e-01
9.876704216003417969e-02
1.023449897766113281e-01
1.223030090332031250e-01
1.184170246124267578e-01
1.123538017272949219e-01
1.147029399871826172e-01
1.118891239166259766e-01
1.233761310577392578e-01
1.115319728851318359e-01
1.114568710327148438e-01
1.202700138092041016e-01
1.080980300903320312e-01
1.106319427490234375e-01
1.047139167785644531e-01
1.223042011260986328e-01
1.123809814453125000e-01
1.174890995025634766e-01
1.089448928833007812e-01
1.044619083404541016e-01
9.925293922424316406e-02
1.165890693664550781e-01
1.253249645233154297e-01
1.209971904754638672e-01
1.338889598846435547e-01
1.216609477996826172e-01
1.224730014801025391e-01
1.146581172943115234e-01
1.148860454559326172e-01
1.232411861419677734e-01
1.388869285583496094e-01
1.207129955291748047e-01
3.949158191680908203e-01
7.502079010009765625e-02
9.405207633972167969e-02
8.915901184082031250e-02
8.798003196716308594e-02
7.498717308044433594e-02
9.093499183654785156e-02
7.926106452941894531e-02
8.673501014709472656e-02
8.972978591918945312e-02
8.614802360534667969e-02
8.923316001892089844e-02
1.028058528900146484e-01
8.833408355712890625e-02
9.967398643493652344e-02
1.103880405426025391e-01
9.507703781127929688e-02
1.167728900909423828e-01
1.177258491516113281e-01
9.847497940063476562e-02
1.136159896850585938e-01
1.337440013885498047e-01
1.254711151123046875e-01
1.016800403594970703e-01
1.305360794067382812e-01
1.072258949279785156e-01
1.140379905700683594e-01
1.223101615905761719e-01
1.295349597930908203e-01
9.646878242492675781e-01
1.173031330108642578e-01
1.201441287994384766e-01
1.213099956512451172e-01
1.193201541900634766e-01
1.225111484527587891e-01
1.083960533142089844e-01
1.214900016784667969e-01
1.426279544830322266e-01
1.334068775177001953e-01
1.146178245544433594e-01
1.151599884033203125e-01
1.012558937072753906e-01
1.103730201721191406e-01
1.177189350128173828e-01
1.066951751708984375e-01
1.119780540466308594e-01
1.137859821319580078e-01
1.079759597778320312e-01
1.198320388793945312e-01
1.167769432067871094e-01
1.237349510192871094e-01
1.448731422424316406e-01
1.473970413208007812e-01
1.379380226135253906e-01
1.206669807434082031e-01
1.207339763641357422e-01
1.206550598144531250e-01
